73
110
32
116
104
105
115
32
97
112
112
114
111
97
99
104
44
131
104
101
32
99
111
110
116
101
152
135
111
102
146
148
102
105
108
148
97
114
148
166
97
100
32
151
148
143
165
142
153
114
136
116
136
131
105
109
148
117
152
162
32
119
167
101
142
104
159
32
154
170
157
195
161
163
46
9
87
147
130
190
32
168
143
195
197
171
158
132
160
162
160
103
101
116
115
40
41
149
97
110
0
0
0
180
168
170
227
170
166
116
117
114
110
135
78
85
76
76
136
110
170
216
32
139
111
103
114
97
109
189
162
108
32
115
116
111
112
209
192
100
105
110
103
203
36
197
100
101
161
110
105
116
105
151
115
9
